Ivan3: 4.524009
Joe: 5
Ivan: 11.180849
Ron: 14.268788
Ivan2: 15.516827
